,Destination,Out Date,Out Duration,Out Stops,Out Time,Company names,Price,Url,timestamp
0,63cy,2022-07-20,15t. 15min. ,1 stop RIX ,19:30–11:45+1,airBaltic,"
724 kr. ",https://kayak.dk/s/clickthrough.jsp?ctyp=SponsoredResultAdBooking&ptyp=F&orig=F..RP..M1&plid=5252610&pid=TravellinkBranded_FSR_da_DK&prv=TravellinkBranded_FSR_da_DK&srch=ShBiSXGRfr&ploc=da_DK&atype=SponsoredResult&prc=724.00&cpnid=7068600&xpExt=&aidExt=&lid=TravellinkBranded_FSR_da_DK-ShBiSXGRfr&qorig=Airport:CPH&octid=&qdest=Airport:LCA&qstart=1658289600000&qend=1658289600000&qtravelers=2&qrooms=0&qow=true&qfcc=e&qdctid=32005&qdac=LCA&qshour=-1&qehour=-1&qns=false&qnearby=0&qnearbyo=false&qnearbyd=false&pj=kM5Rp7DLydurTXNTDsiyRg==&ah=78u15V5j1sDj9QfsVFp5OIGUblvt30bFuaUFyfT5WcM&resid=fdeac2136d16d16b14586b38163552b9&bookid=E-1b0f2de0ade&seekProv=TRAVELLINK&trueProv=TRAVELLINK&fid=&rank=1&stid=&qadults=2&qchild=0&_sid_=R-421Evi_W1GhnT9PrAWqrc-KVCOFGa2QTcIFuHRBCEWT3dCljR7ufHVi1jbWlzg4&payment=0.00:DKK:VA_D:Visa%20Debit:true&pageOrigin=F..RP.FE.M1,20220506-2233
1,63cy,2022-07-20,6t. 50min. ,1 stop ATH ,17:30–01:20+1,Aegean Airlines,"
1.090 kr. ",https://kayak.dk/book/flight?code=ShBiSXGRfr.18wgSzIaLAlgpzrTH2pViLaYAeeTFjgE.15487.d9326578933d90ce4187821d85e5e5fc&h=188c46afd39b&sub=E-1a5dd732813&payment=0.00:DKK:VA_D:Visa%20Debit:true&pageOrigin=F..RP.FE.M0,20220506-2233
2,63cy,2022-07-20,15t. 15min. ,1 stop RIX ,19:30–11:45+1,airBaltic,"
632 kr. ",https://kayak.dk/book/flight?code=ShBiSXGRfr.Fs5fII-p3hc0ejdxgNj3abaYAeeTFjgE.8974.fdeac2136d16d16b14586b38163552b9&h=1a687a1ebce4&sub=E-1b71ccbbfb5&payment=0.00:DKK:VA_D:Visa%20Debit:true&pageOrigin=F..RP.FE.M1,20220506-2233
3,63cy,2022-07-20,11t. 05min. ,1 stop BUD ,22:00–10:05+1,Ryanair,"
1.074 kr. ",https://kayak.dk/book/flight?code=ShBiSXGRfr.eNCwACMVOeJpd4CyPwn0EI6M4XD8KcmF.15260.1b7929bc471cb5ebcbb1f9afdcc3623c&h=45c30c23a7b5&sub=E-1bb60be310f&payment=0.00:DKK:VA_D:Visa%20Debit:true&pageOrigin=F..RP.FE.M2,20220506-2233
4,63cy,2022-07-20,13t. 35min. ,"2 stop RIX, VNO ",19:30–10:05+1,"airBaltic, Wizz Air","
1.090 kr. ",https://kayak.dk/book/flight?code=ShBiSXGRfr.47F3EeHCWiIEdn9PX-8xhQ.15480.4fc5441c4547ac5f1fd3de1713b4ce83&h=a5b5124d5ff9&sub=E-1db6f97c17c&payment=0.00:DKK:VA_D:Visa%20Debit:true&pageOrigin=F..RP.FE.M3,20220506-2233
5,63cy,2022-07-20,15t. 05min. ,1 stop ATH ,17:30–09:35+1,Aegean Airlines,"
1.090 kr. ",https://kayak.dk/book/flight?code=ShBiSXGRfr.18wgSzIaLAlgpzrTH2pViLaYAeeTFjgE.15487.c7477d5d4cc912d3f47b9e1cecf4e8f2&h=0da8097a5705&sub=E-1a5dd732813&payment=0.00:DKK:VA_D:Visa%20Debit:true&pageOrigin=F..RP.FE.M4,20220506-2233
6,63cy,2022-07-20,8t. 50min. ,1 stop FCO-CIA ,10:35–20:25,Ryanair,"
1.563 kr. ",https://kayak.dk/book/flight?code=ShBiSXGRfr.RX7w4XG0_ZINUvH8T-y68A.22200.4e9ae83d1c449c4768dfa4a2cf01ce6d&h=5e79ad6d822c&sub=E-1bec1a2f841&payment=0.00:DKK:VA_D:Visa%20Debit:true&pageOrigin=F..RP.FE.M5,20220506-2233
7,63cy,2022-07-20,7t. 40min. ,"2 stop MUC, ATH ",06:10–14:50,Aegean Airlines,"
2.239 kr. ",https://kayak.dk/book/flight?code=ShBiSXGRfr.tb4DAgHpn3sEdn9PX-8xhQ.31812.69a87fe9f4b341c05000d26c1efad621&h=b62b1b627528&sub=E-1189fc906d1&payment=0.00:DKK:VA_D:Visa%20Debit:true&pageOrigin=F..RP.FE.M6,20220506-2233
8,63cy,2022-07-20,12t. 20min. ,1 stop BER ,21:20–10:40+1,"easyJet, Ryanair","
1.043 kr. ",https://kayak.dk/book/flight?code=ShBiSXGRfr.FTZUJ6SC9iEmFcdAejOqIg.14812.4d6e547d84cfde528f492b1222ec3b3b&h=1c3c77b20f60&_kw_pbranded=true&sub=E-1479b17f317&payment=0.00:DKK:VA_D:Visa%20Debit:true&pageOrigin=F..RP.FE.M7,20220506-2233
9,63cy,2022-07-20,17t. 05min. ,"3 stop WAW, FCO, ... ",14:55–09:00+1,Wizz Air,"
1.060 kr. ",https://kayak.dk/book/flight?code=ShBiSXGRfr.47F3EeHCWiIEdn9PX-8xhQ.15054.2cc774c1054a9ea54f5e0f3f1fe1062e&h=bbad9cef8f84&sub=E-1db6f97c17c&payment=0.00:DKK:VA_D:Visa%20Debit:true&pageOrigin=F..RP.FE.M8,20220506-2233
10,63cy,2022-07-20,13t. 35min. ,"3 stop GDN, WAW, ... ",07:50–22:25,"Ryanair, LOT","
1.098 kr. ",https://kayak.dk/book/flight?code=ShBiSXGRfr.FTZUJ6SC9iEmFcdAejOqIg.15593.3e8ab0ba6fe725f3490130a47a212c45&h=094bf2c6fc30&_kw_pbranded=true&sub=E-157a97bf000&payment=0.00:DKK:VA_D:Visa%20Debit:true&pageOrigin=F..RP.FE.M9,20220506-2233
11,63cy,2022-07-20,15t. 50min. ,1 stop BER ,17:50–10:40+1,"easyJet, Ryanair","
1.125 kr. ",https://kayak.dk/book/flight?code=ShBiSXGRfr.eNCwACMVOeJpd4CyPwn0EI6M4XD8KcmF.15984.c876d9a85ea814e71c6d9fda498e1718&h=a1d18cc19c5f&sub=E-1f3b3b437da&payment=0.00:DKK:VA_D:Visa%20Debit:true&pageOrigin=F..RP.FE.M10,20220506-2233
12,63cy,2022-07-20,17t. 15min. ,1 stop OTP ,15:10–09:25+1,Blue Air,"
1.143 kr. ",https://kayak.dk/book/flight?code=ShBiSXGRfr.eNCwACMVOeJpd4CyPwn0EI6M4XD8KcmF.16233.b5d2815e398ef9774880359dff04c12d&h=bf91a031d3e8&sub=E-15e20529e1b&payment=0.00:DKK:VA_D:Visa%20Debit:true&pageOrigin=F..RP.FE.M11,20220506-2233
13,63cy,2022-07-20,12t. 55min. ,"2 stop PRG, ATH ",11:25–01:20+1,"Ryanair, Aegean Airlines","
1.254 kr. ",https://kayak.dk/book/flight?code=ShBiSXGRfr.47F3EeHCWiIEdn9PX-8xhQ.17810.aa0624cd6394222d3329a4f45339da58&h=6c7507261e6d&sub=E-1cbc5e05294&payment=0.00:DKK:VA_D:Visa%20Debit:true&pageOrigin=F..RP.FE.M12,20220506-2233
14,63cy,2022-07-20,14t. 10min. ,"2 stop ARN-NYO, KTW ",07:15–22:25,Flere flyselskaber,"
1.263 kr. ",https://kayak.dk/book/flight?code=ShBiSXGRfr.FTZUJ6SC9iEmFcdAejOqIg.17938.a57b9fa573419eaf9e7d018a3061d819&h=7b99f8c3abba&_kw_pbranded=true&sub=E-1622230267f&payment=0.00:DKK:VA_D:Visa%20Debit:true&pageOrigin=F..RP.FE.M13,20220506-2233
15,63cy,2022-07-20,13t. 20min. ,1 stop FCO-CIA ,06:05–20:25,"Norwegian, Ryanair","
1.286 kr. ",https://kayak.dk/book/flight?code=ShBiSXGRfr.eNCwACMVOeJpd4CyPwn0EI6M4XD8KcmF.18265.4eb988f3fb8c73f1f34fc8fc99359f63&h=c4d55490b87e&sub=E-1ea73b8c60e&payment=0.00:DKK:VA_D:Visa%20Debit:true&pageOrigin=F..RP.FE.M14,20220506-2233
16,63cy,2022-07-20,17t. 30min. ,1 stop BER ,16:10–10:40+1,"Norwegian, Ryanair","
1.357 kr. ",https://kayak.dk/book/flight?code=ShBiSXGRfr.eNCwACMVOeJpd4CyPwn0EI6M4XD8KcmF.19280.8d56d99c7c0d127c499df1033f88ff76&h=0aedbdcb5d55&sub=E-1ea73b8c60e&payment=0.00:DKK:VA_D:Visa%20Debit:true&pageOrigin=F..RP.FE.M16,20220506-2233
17,63cy,2022-07-20,17t. 50min. ,"2 stop TLL, RIX ",16:55–11:45+1,airBaltic,"
1.420 kr. ",https://kayak.dk/book/flight?code=ShBiSXGRfr.glFHOAdR1PwEdn9PX-8xhQ.20175.b6edfa2efdef1bfdd75d2b4e5621cd2e&h=59223b1a7fd4&sub=E-1fddf39b2f8&payment=0.00:DKK:VA_D:Visa%20Debit:true&pageOrigin=F..RP.FE.M17,20220506-2233
18,63cy,2022-07-20,15t. 15min. ,1 stop ATH ,17:30–09:45+1,Aegean Airlines,"
1.467 kr. ",https://kayak.dk/book/flight?code=ShBiSXGRfr.ZheJHZqHLmzKJvcpKN_waA.20843.4f4d5abb61b7c5c05d139a53f69d9e12&h=42eaf8baf643&sub=E-1806b77a48b&payment=0.00:DKK:VA_D:Visa%20Debit:true&pageOrigin=F..RP.FE.M18,20220506-2233
19,63cy,2022-07-20,13t. 55min. ,1 stop BER ,19:45–10:40+1,"SAS, Ryanair","
1.546 kr. ",https://kayak.dk/book/flight?code=ShBiSXGRfr.eNCwACMVOeJpd4CyPwn0EI6M4XD8KcmF.21959.bbfbc46ec48d3d7dc76e0e2ded319059&h=391b746f944f&sub=E-16dacc069bf&payment=0.00:DKK:VA_D:Visa%20Debit:true&pageOrigin=F..RP.FE.M19,20220506-2233
20,63cy,2022-07-20,11t. 45min. ,1 stop FCO-CIA ,07:40–20:25,"SAS, Ryanair","
1.559 kr. ",https://kayak.dk/book/flight?code=ShBiSXGRfr.FTZUJ6SC9iEmFcdAejOqIg.22150.b18a136d8e24d42e2f42ec8655c43e12&h=0b6669f984df&_kw_pbranded=true&sub=E-1622230267f&payment=0.00:DKK:VA_D:Visa%20Debit:true&pageOrigin=F..RP.FE.M20,20220506-2233
21,63cy,2022-07-20,13t. 10min. ,"3 stop GDN, MMX, ... ",07:50–22:00,"Ryanair, Wizz Air","
1.671 kr. ",https://kayak.dk/book/flight?code=ShBiSXGRfr.47F3EeHCWiIEdn9PX-8xhQ.23742.afc06adbff6fe8853b2f63a9d581cfae&h=8fc204f11f1c&sub=E-1cbc5e05294&payment=0.00:DKK:VA_D:Visa%20Debit:true&pageOrigin=F..RP.FE.M21,20220506-2233
22,63cy,2022-07-20,11t. 15min. ,1 stop PRG ,20:15–08:30+1,"Eurowings, Czech Airlines","
1.684 kr. ",https://kayak.dk/book/flight?code=ShBiSXGRfr.47F3EeHCWiIEdn9PX-8xhQ.23919.2e264b4aac4eb2a728717f75a4857bdc&h=eed5fb882f3f&sub=E-1db6f97c17c&payment=0.00:DKK:VA_D:Visa%20Debit:true&pageOrigin=F..RP.FE.M22,20220506-2233
23,63cy,2022-07-20,11t. 45min. ,"2 stop FRA, VIE ",11:55–00:40+1,Lufthansa,"
1.870 kr. ",https://kayak.dk/book/flight?code=ShBiSXGRfr.e60g2LFm7BOKtDGeeN0IhQ.26569.43e075042999befb73d12b0b533a3726&h=f86864e50834&sub=E-1ecfc407a77&payment=0.00:DKK:VA_D:Visa%20Debit:true&pageOrigin=F..RP.FE.M23,20220506-2233
24,63cy,2022-07-20,10t. 00min. ,1 stop ATH ,22:35–09:35+1,"Norwegian, Olympic Air","
1.954 kr. ",https://kayak.dk/book/flight?code=ShBiSXGRfr.47F3EeHCWiIEdn9PX-8xhQ.27762.36b94699a0c87e19e5a66941cba6d098&h=c298dd6121dd&sub=E-1c8f00d753e&payment=0.00:DKK:VA_D:Visa%20Debit:true&pageOrigin=F..RP.FE.M24,20220506-2233
25,63cy,2022-07-20,10t. 55min. ,"2 stop MUC, ATH ",06:10–18:05,Aegean Airlines,"
2.239 kr. ",https://kayak.dk/book/flight?code=ShBiSXGRfr.tb4DAgHpn3sEdn9PX-8xhQ.31812.55922b786dd602d4107456dd2410c27e&h=e7985cc4a87c&sub=E-1189fc906d1&payment=0.00:DKK:VA_D:Visa%20Debit:true&pageOrigin=F..RP.FE.M25,20220506-2233
26,63cy,2022-07-20,13t. 00min. ,"2 stop MUC, ATH ",06:10–20:10,Aegean Airlines,"
2.239 kr. ",https://kayak.dk/book/flight?code=ShBiSXGRfr.tb4DAgHpn3sEdn9PX-8xhQ.31812.7b91027815e4b850edba8ced049ff272&h=0eafa09671f3&sub=E-1189fc906d1&payment=0.00:DKK:VA_D:Visa%20Debit:true&pageOrigin=F..RP.FE.M26,20220506-2233
27,63cy,2022-07-20,11t. 35min. ,"2 stop MUC, ATH ",12:45–01:20+1,Aegean Airlines,"
2.310 kr. ",https://kayak.dk/book/flight?code=ShBiSXGRfr.tb4DAgHpn3sEdn9PX-8xhQ.32813.2fd3d2bb55de407df55b5c76af70ab9a&h=fcaf706d6064&sub=E-1189fc906d1&payment=0.00:DKK:VA_D:Visa%20Debit:true&pageOrigin=F..RP.FE.M27,20220506-2233
28,63cy,2022-07-20,8t. 45min. ,"2 stop FRA, VIE ",14:55–00:40+1,Lufthansa,"
2.350 kr. ",https://kayak.dk/book/flight?code=ShBiSXGRfr.e60g2LFm7BOKtDGeeN0IhQ.33389.739948b770329439269755e5520c8b97&h=5855c9792834&sub=E-1ecfc407a77&payment=0.00:DKK:VA_D:Visa%20Debit:true&pageOrigin=F..RP.FE.M28,20220506-2233
29,63cy,2022-07-20,11t. 35min. ,1 stop BEY ,07:05–19:40,"SAS, MEA","
2.473 kr. ",https://kayak.dk/book/flight?code=ShBiSXGRfr.47F3EeHCWiIEdn9PX-8xhQ.35129.94d68174135fb276e2e8f28fd137013f&h=4e335fddaffb&sub=E-1db6f97c17c&payment=0.00:DKK:VA_D:Visa%20Debit:true&pageOrigin=F..RP.FE.M29,20220506-2233
30,63cy,2022-07-20,10t. 15min. ,1 stop LHR ,07:00–18:15,British Airways,"
2.501 kr. ",https://kayak.dk/book/flight?code=ShBiSXGRfr.vkb2KA0OrucDzQq2dWkU9A.35534.cfa2681b630d5dfaf5cb7640a4b91c55&h=c75ebf63b9ad&_kw_pbranded=true&sub=E-12be55bd888&payment=0.00:DKK:VA_D:Visa%20Debit:true&pageOrigin=F..RP.FE.M30,20220506-2233
31,63cy,2022-07-20,6t. 05min. ,1 stop VIE ,17:35–00:40+1,Austrian Airlines,"
2.696 kr. ",https://kayak.dk/book/flight?code=ShBiSXGRfr.e60g2LFm7BOKtDGeeN0IhQ.38305.351e2a9fd1e208afcf5263af9f1d8f0a&h=19a9edf5f171&sub=E-1008006e5bd&payment=0.00:DKK:VA_D:Visa%20Debit:true&pageOrigin=F..RP.FE.M31,20220506-2233
32,63cy,2022-07-20,8t. 30min. ,1 stop VIE ,07:05–16:35,Austrian Airlines,"
2.713 kr. ",https://kayak.dk/book/flight?code=ShBiSXGRfr.7e2QikHpsTMDzQq2dWkU9A.38536.65a244660a1191039454289479b0803f&h=fdd92a74ded5&sub=E-1550e24f803&payment=0.00:DKK:VA_D:Visa%20Debit:true&pageOrigin=F..RP.FE.M32,20220506-2233
33,63cy,2022-07-20,5t. 45min. ,1 stop VIE ,09:50–16:35,Austrian Airlines,"
2.910 kr. ",https://kayak.dk/book/flight?code=ShBiSXGRfr.e60g2LFm7BOKtDGeeN0IhQ.41345.441736e1f3b70fd8573bddcad96d11de&h=b7d20dc28434&sub=E-1008006e5bd&payment=0.00:DKK:VA_D:Visa%20Debit:true&pageOrigin=F..RP.FE.M33,20220506-2233
34,63cy,2022-07-20,25t. 30min. ,1 stop RIX ,09:15–11:45+1,airBaltic,"
646 kr. ",https://kayak.dk/book/flight?code=ShBiSXGRfr.18wgSzIaLAlgpzrTH2pViLaYAeeTFjgE.9172.cbc3be2851ec89beeb8c7abc7194147d&h=4d4fa09b64bf&sub=E-1a5dd732813&payment=0.00:DKK:VA_D:Visa%20Debit:true&pageOrigin=F..RP.FE.M34,20220506-2233
35,63cy,2022-07-20,22t. 00min. ,"2 stop WAW, BGY ",14:55–13:55+1,"Wizz Air, Ryanair","
817 kr. ",https://kayak.dk/book/flight?code=ShBiSXGRfr.eNCwACMVOeJpd4CyPwn0EI6M4XD8KcmF.11608.773986c3ed102586e1d4e91c0efdb441&h=1c42340fded8&sub=E-16dacc069bf&payment=0.00:DKK:VA_D:Visa%20Debit:true&pageOrigin=F..RP.FE.M35,20220506-2233
36,63cy,2022-07-20,28t. 25min. ,"2 stop WAW, WRO ",14:55–20:20+1,Flere flyselskaber,"
819 kr. ",https://kayak.dk/book/flight?code=ShBiSXGRfr.eNCwACMVOeJpd4CyPwn0EI6M4XD8KcmF.11630.b928629183d192af204771ce0dede26f&h=98906626dd85&sub=E-16dacc069bf&payment=0.00:DKK:VA_D:Visa%20Debit:true&pageOrigin=F..RP.FE.M36,20220506-2233
37,63cy,2022-07-20,28t. 25min. ,"2 stop WAW, WRO ",14:55–20:20+1,Flere flyselskaber,"
819 kr. ",https://kayak.dk/book/flight?code=ShBiSXGRfr.eNCwACMVOeJpd4CyPwn0EI6M4XD8KcmF.11630.675d409b6f547fd9be8b9f4dd8e9f079&h=9323dda81a0d&sub=E-16dacc069bf&payment=0.00:DKK:VA_D:Visa%20Debit:true&pageOrigin=F..RP.FE.M37,20220506-2233
38,63cy,2022-07-20,29t. 05min. ,"2 stop WAW, MLA ",14:55–21:00+1,"Wizz Air, Ryanair","
853 kr. ",https://kayak.dk/book/flight?code=ShBiSXGRfr.eNCwACMVOeJpd4CyPwn0EI6M4XD8KcmF.12113.680ff0af97a53dd4d3af13670768e564&h=c5eee7b0d706&sub=E-16dacc069bf&payment=0.00:DKK:VA_D:Visa%20Debit:true&pageOrigin=F..RP.FE.M38,20220506-2233
39,63cy,2022-07-20,26t. 15min. ,"3 stop BER, BUD, ... ",07:50–11:05+1,Flere flyselskaber,"
927 kr. ",https://kayak.dk/book/flight?code=ShBiSXGRfr.47F3EeHCWiIEdn9PX-8xhQ.13164.6637e5f8fc95a03f3126374f2cd1a6f8&h=8c0e65ba8e23&sub=E-1b1b7d1874f&payment=0.00:DKK:VA_D:Visa%20Debit:true&pageOrigin=F..RP.FE.M39,20220506-2233
40,63cy,2022-07-20,22t. 00min. ,"2 stop STN, PSA ",22:10–21:10+1,Ryanair,"
945 kr. ",https://kayak.dk/book/flight?code=ShBiSXGRfr.eNCwACMVOeJpd4CyPwn0EI6M4XD8KcmF.13420.2a296de3c762dfa34d80b72fd17f31e8&h=d8c6a78f0821&sub=E-15fb055c4bb&payment=0.00:DKK:VA_D:Visa%20Debit:true&pageOrigin=F..RP.FE.M40,20220506-2233
41,63cy,2022-07-20,21t. 50min. ,"3 stop STN, TRN, ... ",22:10–21:00+1,Ryanair,"
946 kr. ",https://kayak.dk/book/flight?code=ShBiSXGRfr.FTZUJ6SC9iEmFcdAejOqIg.13441.cf3987411bf98263993a7310d114e4ac&h=07cc3b990f12&_kw_pbranded=true&sub=E-136b7bbcf3c&payment=0.00:DKK:VA_D:Visa%20Debit:true&pageOrigin=F..RP.FE.M41,20220506-2233
42,63cy,2022-07-20,25t. 15min. ,"2 stop BER, BUD ",07:50–10:05+1,"easyJet, Ryanair","
1.036 kr. ",https://kayak.dk/book/flight?code=ShBiSXGRfr.FTZUJ6SC9iEmFcdAejOqIg.14720.48ebf1521e6da7daab9b7b65a436b4dd&h=3f83bcfde2df&_kw_pbranded=true&sub=E-1efc6acb587&payment=0.00:DKK:VA_D:Visa%20Debit:true&pageOrigin=F..RP.FE.M42,20220506-2233
43,63cy,2022-07-20,22t. 00min. ,"2 stop STN, PSA ",22:10–21:10+1,Ryanair,"
1.040 kr. ",https://kayak.dk/book/flight?code=ShBiSXGRfr.eNCwACMVOeJpd4CyPwn0EI6M4XD8KcmF.14777.edd43b8847bf9fd32177fab0166d796f&h=dd7e0591b0d3&sub=E-15fb055c4bb&payment=0.00:DKK:VA_D:Visa%20Debit:true&pageOrigin=F..RP.FE.M43,20220506-2233
44,63cy,2022-07-20,23t. 05min. ,"2 stop BUD, WMI ",22:00–22:05+1,Ryanair,"
1.055 kr. ",https://kayak.dk/book/flight?code=ShBiSXGRfr.eNCwACMVOeJpd4CyPwn0EI6M4XD8KcmF.14983.e1e8112d49355fd6858e85231b6b7f54&h=fe226ea89e86&sub=E-15fb055c4bb&payment=0.00:DKK:VA_D:Visa%20Debit:true&pageOrigin=F..RP.FE.M44,20220506-2233
45,63cy,2022-07-20,20t. 25min. ,"2 stop RIX, VNO ",12:40–10:05+1,Flere flyselskaber,"
1.098 kr. ",https://kayak.dk/book/flight?code=ShBiSXGRfr.47F3EeHCWiIEdn9PX-8xhQ.15593.dd4481b36e7c23bcc7562b9c815b9fcb&h=759746404ef9&sub=E-1c8f00d753e&payment=0.00:DKK:VA_D:Visa%20Debit:true&pageOrigin=F..RP.FE.M45,20220506-2233
46,63cy,2022-07-20,25t. 25min. ,"2 stop OSL, RIX ",09:20–11:45+1,"Norwegian, airBaltic","
1.113 kr. ",https://kayak.dk/book/flight?code=ShBiSXGRfr.eNCwACMVOeJpd4CyPwn0EI6M4XD8KcmF.15807.3c13781c16334ee117bf484ba02fb902&h=daac9d2405e9&sub=E-1119a84c966&payment=0.00:DKK:VA_D:Visa%20Debit:true&pageOrigin=F..RP.FE.M46,20220506-2233
47,63cy,2022-07-20,25t. 30min. ,"2 stop AMS, OTP ",20:25–22:55+1,"Vueling, Blue Air","
1.183 kr. ",https://kayak.dk/book/flight?code=ShBiSXGRfr.eNCwACMVOeJpd4CyPwn0EI6M4XD8KcmF.16801.815a12e3105abeab18eb636ea3c0d9c3&h=c2fadf48aa74&sub=E-15e20529e1b&payment=0.00:DKK:VA_D:Visa%20Debit:true&pageOrigin=F..RP.FE.M47,20220506-2233
48,63cy,2022-07-20,19t. 25min. ,"2 stop STN, BGY ",17:30–13:55+1,Ryanair,"
1.218 kr. ",https://kayak.dk/book/flight?code=ShBiSXGRfr.eNCwACMVOeJpd4CyPwn0EI6M4XD8KcmF.17298.4485387c99a6d7e63b21ad77aacd5392&h=3a818a54cec2&sub=E-15fb055c4bb&payment=0.00:DKK:VA_D:Visa%20Debit:true&pageOrigin=F..RP.FE.M48,20220506-2233
49,63cy,2022-07-20,26t. 10min. ,"2 stop WAW, OTP ",19:45–22:55+1,"LOT, Blue Air","
1.221 kr. ",https://kayak.dk/book/flight?code=ShBiSXGRfr.47F3EeHCWiIEdn9PX-8xhQ.17341.ed5b6d2aec53769bd6ce12ffc1bc1350&h=fb5fedd89a75&sub=E-1db6f97c17c&payment=0.00:DKK:VA_D:Visa%20Debit:true&pageOrigin=F..RP.FE.M49,20220506-2233
50,63cy,2022-07-20,28t. 35min. ,1 stop ATH ,17:30–23:05+1,Aegean Airlines,"
1.231 kr. ",https://kayak.dk/book/flight?code=ShBiSXGRfr.0Cx9insxRz2lB60_7nlgXQ.17483.fbf14154ef93a8963d23566954d21eac&h=eca3c46c5ef5&sub=E-177ddff7a85&payment=0.00:DKK:VA_D:Visa%20Debit:true&pageOrigin=F..RP.FE.M50,20220506-2233
51,63cy,2022-07-20,23t. 20min. ,"2 stop OSL, GDN ",23:00–23:20+1,Flere flyselskaber,"
1.254 kr. ",https://kayak.dk/book/flight?code=ShBiSXGRfr.eNCwACMVOeJpd4CyPwn0EI6M4XD8KcmF.17817.1a7cdc001b2342e55a9dd3c9f4066384&h=3819fa87d5f9&sub=E-16dacc069bf&payment=0.00:DKK:VA_D:Visa%20Debit:true&pageOrigin=F..RP.FE.M51,20220506-2233
52,63cy,2022-07-20,22t. 05min. ,1 stop RIX ,12:40–11:45+1,"Norwegian, airBaltic","
1.265 kr. ",https://kayak.dk/book/flight?code=ShBiSXGRfr.47F3EeHCWiIEdn9PX-8xhQ.17966.5a2af37650d2b2b291738039e8d6ffba&h=d2543952b7c2&sub=E-1c8f00d753e&payment=0.00:DKK:VA_D:Visa%20Debit:true&pageOrigin=F..RP.FE.M52,20220506-2233
53,63cy,2022-07-20,23t. 35min. ,"2 stop WAW, BUD ",14:55–15:30+1,Wizz Air,"
1.269 kr. ",https://kayak.dk/book/flight?code=ShBiSXGRfr.eNCwACMVOeJpd4CyPwn0EI6M4XD8KcmF.18030.8d4c301bbb2232253b6ae66c5b648c3e&h=1757de2e7165&sub=E-15e20529e1b&payment=0.00:DKK:VA_D:Visa%20Debit:true&pageOrigin=F..RP.FE.M53,20220506-2233
54,63cy,2022-07-20,24t. 05min. ,"2 stop BUD, ATH ",22:00–23:05+1,"Ryanair, Aegean Airlines","
1.306 kr. ",https://kayak.dk/book/flight?code=ShBiSXGRfr.47F3EeHCWiIEdn9PX-8xhQ.18556.842f200e231d005d720c455a7f1b5c34&h=3a0d68671c23&sub=E-1fbbb4c00dc&payment=0.00:DKK:VA_D:Visa%20Debit:true&pageOrigin=F..RP.FE.M54,20220506-2233
55,63cy,2022-07-20,16t. 30min. ,"3 stop BER, BUD, ... ",07:50–01:20+1,Flere flyselskaber,"
1.325 kr. ",https://kayak.dk/book/flight?code=ShBiSXGRfr.47F3EeHCWiIEdn9PX-8xhQ.18819.a656c852f6bedf1d5ec5471a82c1d728&h=8b0d2254128b&sub=E-1b1b7d1874f&payment=0.00:DKK:VA_D:Visa%20Debit:true&pageOrigin=F..RP.FE.M55,20220506-2233
56,63cy,2022-07-20,20t. 20min. ,1 stop ATH ,17:30–14:50+1,Aegean Airlines,"
1.417 kr. ",https://kayak.dk/book/flight?code=ShBiSXGRfr.0Cx9insxRz2lB60_7nlgXQ.20126.caa9148955c82e7f1bb066eb3625e6cb&h=b9efc503324c&sub=E-177ddff7a85&payment=0.00:DKK:VA_D:Visa%20Debit:true&pageOrigin=F..RP.FE.M56,20220506-2233
57,63cy,2022-07-20,23t. 35min. ,1 stop ATH ,17:30–18:05+1,Aegean Airlines,"
1.417 kr. ",https://kayak.dk/book/flight?code=ShBiSXGRfr.0Cx9insxRz2lB60_7nlgXQ.20126.126dcac675211b56c0eeefa2752f3c48&h=c6b19d40c506&sub=E-177ddff7a85&payment=0.00:DKK:VA_D:Visa%20Debit:true&pageOrigin=F..RP.FE.M57,20220506-2233
58,63cy,2022-07-20,16t. 30min. ,1 stop BUD ,22:00–15:30+1,"Ryanair, Wizz Air","
1.439 kr. ",https://kayak.dk/book/flight?code=ShBiSXGRfr.eNCwACMVOeJpd4CyPwn0EI6M4XD8KcmF.20438.54db19434b432e7c4e3b209827b05f83&h=2e20acc49810&sub=E-16dacc069bf&payment=0.00:DKK:VA_D:Visa%20Debit:true&pageOrigin=F..RP.FE.M58,20220506-2233
59,63cy,2022-07-20,17t. 50min. ,"2 stop TLL, RIX ",16:55–11:45+1,airBaltic,"
1.495 kr. ",https://kayak.dk/book/flight?code=ShBiSXGRfr.glFHOAdR1PwEdn9PX-8xhQ.21241.76ab22673d575ed2133cac64a1dff100&h=21cd16106184&sub=E-1fddf39b2f8&payment=0.00:DKK:VA_D:Visa%20Debit:true&pageOrigin=F..RP.FE.M59,20220506-2233
60,63cy,2022-07-20,15t. 05min. ,"3 stop BER, BUD, ... ",07:50–23:55,Flere flyselskaber,"
1.508 kr. ",https://kayak.dk/book/flight?code=ShBiSXGRfr.47F3EeHCWiIEdn9PX-8xhQ.21419.ef5c5bf2171ac98ed5f4a7f9dd3a3bd9&h=16f985b3154d&sub=E-1b1b7d1874f&payment=0.00:DKK:VA_D:Visa%20Debit:true&pageOrigin=F..RP.FE.M60,20220506-2233
61,63cy,2022-07-20,25t. 40min. ,1 stop ATH ,17:30–20:10+1,Aegean Airlines,"
1.641 kr. ",https://kayak.dk/book/flight?code=ShBiSXGRfr.0Cx9insxRz2lB60_7nlgXQ.23308.d4f75711b75eeee51e51b328a139a9db&h=fe4474013bed&sub=E-177ddff7a85&payment=0.00:DKK:VA_D:Visa%20Debit:true&pageOrigin=F..RP.FE.M61,20220506-2233
62,63cy,2022-07-20,15t. 25min. ,"3 stop AMS, WAW, ... ",06:00–22:25,Flere flyselskaber,"
1.642 kr. ",https://kayak.dk/book/flight?code=ShBiSXGRfr.eNCwACMVOeJpd4CyPwn0EI6M4XD8KcmF.23322.b5f562427e502481c42145f01a6f8b27&h=4651427ac53b&sub=E-16513119487&payment=0.00:DKK:VA_D:Visa%20Debit:true&pageOrigin=F..RP.FE.M62,20220506-2233
63,63cy,2022-07-20,16t. 05min. ,1 stop ATH ,22:35–15:40+1,"Norwegian, Wizz Air","
1.649 kr. ",https://kayak.dk/book/flight?code=ShBiSXGRfr.eNCwACMVOeJpd4CyPwn0EI6M4XD8KcmF.23422.5e15b4d7b05198c6fe909bf6ba1feba8&h=d2fc3f43aa19&sub=E-1119a84c966&payment=0.00:DKK:VA_D:Visa%20Debit:true&pageOrigin=F..RP.FE.M63,20220506-2233
64,63cy,2022-07-20,13t. 10min. ,1 stop ATH ,22:35–12:45+1,"Norwegian, Sky Express","
1.840 kr. ",https://kayak.dk/book/flight?code=ShBiSXGRfr.eNCwACMVOeJpd4CyPwn0EI6M4XD8KcmF.26143.a39cf5ebaf47ba53fe12fcee16be1cb6&h=d80820f79d75&sub=E-1119a84c966&payment=0.00:DKK:VA_D:Visa%20Debit:true&pageOrigin=F..RP.FE.M64,20220506-2233
65,63cy,2022-07-20,12t. 20min. ,1 stop ATH ,22:35–11:55+1,"Norwegian, Cyprus Airways","
1.904 kr. ",https://kayak.dk/book/flight?code=ShBiSXGRfr.eNCwACMVOeJpd4CyPwn0EI6M4XD8KcmF.27052.ac404f7d574c495e953fdbea94fc77a7&h=4848e9d18159&sub=E-1119a84c966&payment=0.00:DKK:VA_D:Visa%20Debit:true&pageOrigin=F..RP.FE.M65,20220506-2233
66,63cy,2022-07-20,17t. 40min. ,"2 stop FRA, ATH ",14:55–09:35+1,Aegean Airlines,"
2.130 kr. ",https://kayak.dk/book/flight?code=ShBiSXGRfr.tb4DAgHpn3sEdn9PX-8xhQ.30263.61f106ecb6e55bee2995d53800ccbdc0&h=149872d7f9c7&sub=E-1189fc906d1&payment=0.00:DKK:VA_D:Visa%20Debit:true&pageOrigin=F..RP.FE.M66,20220506-2233
67,63cy,2022-07-20,15t. 50min. ,1 stop DUS ,20:20–13:10+1,Eurowings,"
2.161 kr. ",https://kayak.dk/book/flight?code=ShBiSXGRfr.47F3EeHCWiIEdn9PX-8xhQ.30703.2dffd4ed7e537988cb4175fcabc24c69&h=51191fa86e78&sub=E-1db6f97c17c&payment=0.00:DKK:VA_D:Visa%20Debit:true&pageOrigin=F..RP.FE.M67,20220506-2233
68,63cy,2022-07-20,15t. 50min. ,1 stop DUS ,20:20–13:10+1,"airBaltic, Eurowings","
2.165 kr. ",https://kayak.dk/book/flight?code=ShBiSXGRfr.ymeFkF3WefslUmhXb1m_VQ.30748.d9afa057ceef03ca5f9f765476672eaf&h=6919771ec1cc&sub=E-1f7eb347123&payment=0.00:DKK:VA_D:Visa%20Debit:true&pageOrigin=F..RP.FE.M68,20220506-2233
69,63cy,2022-07-20,18t. 40min. ,1 stop GVA ,17:25–13:05+1,"SAS, SWISS","
2.186 kr. ",https://kayak.dk/book/flight?code=ShBiSXGRfr.7e2QikHpsTMDzQq2dWkU9A.31049.0c84d8aee21b4499bcdfd45c71365bbf&h=621cbe830399&sub=M-1c3f425b86b&payment=0.00:DKK:VA_D:Visa%20Debit:true&pageOrigin=F..RP.FE.M69,20220506-2233
70,63cy,2022-07-20,17t. 40min. ,"2 stop FRA, ATH ",14:55–09:35+1,Aegean Airlines,"
2.207 kr. ",https://kayak.dk/book/flight?code=ShBiSXGRfr.tb4DAgHpn3sEdn9PX-8xhQ.31357.8824b3d58e8a1de17dfb0858e84cf227&h=c60a610aecaf&sub=E-1189fc906d1&payment=0.00:DKK:VA_D:Visa%20Debit:true&pageOrigin=F..RP.FE.M70,20220506-2233
71,63cy,2022-07-20,17t. 50min. ,"2 stop FRA, ATH ",14:55–09:45+1,Aegean Airlines,"
2.278 kr. ",https://kayak.dk/book/flight?code=ShBiSXGRfr.tb4DAgHpn3sEdn9PX-8xhQ.32359.dc3e013fe93d519b55f2b41e5229816b&h=e972b21b46e4&sub=E-1189fc906d1&payment=0.00:DKK:VA_D:Visa%20Debit:true&pageOrigin=F..RP.FE.M71,20220506-2233
72,63cy,2022-07-20,15t. 35min. ,"2 stop MUC, ATH ",08:45–01:20+1,Aegean Airlines,"
2.310 kr. ",https://kayak.dk/book/flight?code=ShBiSXGRfr.tb4DAgHpn3sEdn9PX-8xhQ.32813.be8ef9a1e0a7509c13a38fed430f46c6&h=833903543364&sub=E-1189fc906d1&payment=0.00:DKK:VA_D:Visa%20Debit:true&pageOrigin=F..RP.FE.M72,20220506-2233
73,63cy,2022-07-20,15t. 35min. ,"2 stop MUC, ATH ",08:45–01:20+1,Aegean Airlines,"
2.342 kr. ",https://kayak.dk/book/flight?code=ShBiSXGRfr.7e2QikHpsTMDzQq2dWkU9A.33262.3966f5dbda78bc9344a5a35e3ce81fa7&h=30b22fae96e6&sub=E-1c3f425b86b&payment=0.00:DKK:VA_D:Visa%20Debit:true&pageOrigin=F..RP.FE.M73,20220506-2233
74,63cy,2022-07-20,16t. 35min. ,1 stop VIE ,07:05–00:40+1,Austrian Airlines,"
2.515 kr. ",https://kayak.dk/book/flight?code=ShBiSXGRfr.e60g2LFm7BOKtDGeeN0IhQ.35726.6cc06c85be58766f2a1f1a0fd83031cf&h=31ea67618612&sub=E-1008006e5bd&payment=0.00:DKK:VA_D:Visa%20Debit:true&pageOrigin=F..RP.FE.M74,20220506-2233
75,63cy,2022-07-20,10t. 05min. ,1 stop LGW ,10:50–21:55,easyJet,"
2.523 kr. ",https://kayak.dk/book/flight?code=ShBiSXGRfr.RX7w4XG0_ZINUvH8T-y68A.35836.b3018176b24e629a704a6572fa3ef183&h=587a633a640d&sub=E-1b6b3b03f51&payment=0.00:DKK:VA_D:Visa%20Debit:true&pageOrigin=F..RP.FE.M75,20220506-2233
76,63cy,2022-07-20,20t. 00min. ,"2 stop MUC, ATH ",12:45–09:45+1,Aegean Airlines,"
2.584 kr. ",https://kayak.dk/book/flight?code=ShBiSXGRfr.tb4DAgHpn3sEdn9PX-8xhQ.36713.82da99adbf528b4e9740f39e7c73ac76&h=3b872f864ba4&sub=E-1189fc906d1&payment=0.00:DKK:VA_D:Visa%20Debit:true&pageOrigin=F..RP.FE.M76,20220506-2233
77,63cy,2022-07-20,13t. 50min. ,1 stop VIE ,09:50–00:40+1,Austrian Airlines,"
2.713 kr. ",https://kayak.dk/book/flight?code=ShBiSXGRfr.7e2QikHpsTMDzQq2dWkU9A.38536.b1d2c2380f9469e421a4101785cb7cc3&h=74e737d1d490&sub=E-1550e24f803&payment=0.00:DKK:VA_D:Visa%20Debit:true&pageOrigin=F..RP.FE.M77,20220506-2233
78,63cy,2022-07-20,9t. 15min. ,"2 stop FRA, VIE ",06:20–16:35,Lufthansa,"
2.793 kr. ",https://kayak.dk/book/flight?code=ShBiSXGRfr.e60g2LFm7BOKtDGeeN0IhQ.39683.e75a943ea30df8638069bb662e317450&h=febd02d19c2d&sub=E-1ecfc407a77&payment=0.00:DKK:VA_D:Visa%20Debit:true&pageOrigin=F..RP.FE.M78,20220506-2233
79,63cy,2022-07-20,16t. 40min. ,1 stop MUC ,21:10–14:50+1,Lufthansa,"
2.804 kr. ",https://kayak.dk/book/flight?code=ShBiSXGRfr.e60g2LFm7BOKtDGeeN0IhQ.39839.b94d7b452ecd195bcbc86361d1fc1dc7&h=1d6b7726fba4&sub=E-12504c486fe&payment=0.00:DKK:VA_D:Visa%20Debit:true&pageOrigin=F..RP.FE.M79,20220506-2233
80,63cy,2022-07-20,18t. 20min. ,1 stop MUC ,19:30–14:50+1,Lufthansa,"
2.809 kr. ",https://kayak.dk/book/flight?code=ShBiSXGRfr.e60g2LFm7BOKtDGeeN0IhQ.39910.99700e87b21bb5ba40bc07a48e6b9659&h=f7fac995a697&sub=E-12504c486fe&payment=0.00:DKK:VA_D:Visa%20Debit:true&pageOrigin=F..RP.FE.M80,20220506-2233
81,63cy,2022-07-20,14t. 55min. ,"2 stop MUC, VIE ",08:45–00:40+1,Lufthansa,"
2.838 kr. ",https://kayak.dk/book/flight?code=ShBiSXGRfr.ysfH673XYZnX5HxgfjXj60KjG3h1fuZ4.40322.dffdc0b6fcfeb62763422a46b71d5a8c&h=4e4ee34d02a7&sub=E-1fac8908b93&payment=0.00:DKK:VA_D:Visa%20Debit:true&pageOrigin=F..RP.FE.M81,20220506-2233
82,63cy,2022-07-20,11t. 55min. ,1 stop BEY ,20:15–09:10+1,MEA,"
2.987 kr. ",https://kayak.dk/book/flight?code=ShBiSXGRfr.ZheJHZqHLmzKJvcpKN_waA.42432.b7b5872bc101910ef2bec621cacbf352&h=7764f91d5023&sub=E-1806b77a48b&payment=0.00:DKK:VA_D:Visa%20Debit:true&pageOrigin=F..RP.FE.M82,20220506-2233
83,63cy,2022-07-20,7t. 40min. ,"2 stop MUC, ATH ",06:10–14:50,"Lufthansa, Aegean Airlines","
3.230 kr. ",https://kayak.dk/book/flight?code=ShBiSXGRfr.ZheJHZqHLmzKJvcpKN_waA.45883.1dc37c796a6114080c446852602d5956&h=5d786d8d2fd4&sub=E-17eeb004d5e&payment=0.00:DKK:VA_D:Visa%20Debit:true&pageOrigin=F..RP.FE.M83,20220506-2233
84,63cy,2022-07-20,10t. 40min. ,1 stop LHR ,07:00–18:40,British Airways,"
3.513 kr. ",https://kayak.dk/book/flight?code=ShBiSXGRfr.iQv-fVD2M68vemUm8g9gjQ.49907.e650ddeac4079b49a8f7db3deafdca4f&h=a26d230f398e&sub=E-104c662495c&payment=0.00:DKK:VA_D:Visa%20Debit:true&pageOrigin=F..RP.FE.M84,20220506-2233
85,63cy,2022-07-20,9t. 35min. ,1 stop LGW ,10:50–21:25,easyJet,"
3.514 kr. ",https://kayak.dk/book/flight?code=ShBiSXGRfr.47F3EeHCWiIEdn9PX-8xhQ.49919.3ab4271c81820dfaacd53ca478af67fe&h=714fa7e89c77&sub=E-1c036b86db8&payment=0.00:DKK:VA_D:Visa%20Debit:true&pageOrigin=F..RP.FE.M85,20220506-2233
86,63cy,2022-07-20,8t. 50min. ,1 stop FRA ,06:20–16:10,Lufthansa,"
3.694 kr. ",https://kayak.dk/book/flight?code=ShBiSXGRfr.47F3EeHCWiIEdn9PX-8xhQ.52484.b5d9e836edebd3f8f3d68079d3000a38&h=c1c7ae8828c5&sub=E-16f703ed404&payment=0.00:DKK:VA_D:Visa%20Debit:true&pageOrigin=F..RP.FE.M86,20220506-2233
87,63cy,2022-07-20,8t. 05min. ,1 stop LHR ,15:55–01:00+1,British Airways,"
3.735 kr. ",https://kayak.dk/book/flight?code=ShBiSXGRfr.iQv-fVD2M68vemUm8g9gjQ.53059.cfb20e851ca9b43e942f8151efde46af&h=35d863ddf59e&sub=E-104c662495c&payment=0.00:DKK:VA_D:Visa%20Debit:true&pageOrigin=F..RP.FE.M87,20220506-2233
88,63cy,2022-07-20,6t. 30min. ,1 stop OSL ,17:00–00:30+1,Norwegian,"
4.435 kr. ",https://kayak.dk/book/flight?code=ShBiSXGRfr.tb4DAgHpn3sEdn9PX-8xhQ.63012.36304814a25a15ccb6168d6bb298c224&h=c5d68a8d9bd8&sub=E-12cdb5aacda&payment=0.00:DKK:VA_D:Visa%20Debit:true&pageOrigin=F..RP.FE.M88,20220506-2233
89,63cy,2022-07-20,31t. 25min. ,"2 stop WAW, GDN ",14:55–23:20+1,Flere flyselskaber,"
773 kr. ",https://kayak.dk/book/flight?code=ShBiSXGRfr.eNCwACMVOeJpd4CyPwn0EI6M4XD8KcmF.10983.4777828a086a3c1098c0545bba85680a&h=5052d4bfb081&sub=E-16dacc069bf&payment=0.00:DKK:VA_D:Visa%20Debit:true&pageOrigin=F..RP.FE.M89,20220506-2233
90,63cy,2022-07-20,31t. 25min. ,"2 stop WAW, GDN ",14:55–23:20+1,Flere flyselskaber,"
773 kr. ",https://kayak.dk/book/flight?code=ShBiSXGRfr.eNCwACMVOeJpd4CyPwn0EI6M4XD8KcmF.10983.e2412ec4b1a5fbdfaa26f1fb53f47549&h=c41df6e49824&sub=E-16dacc069bf&payment=0.00:DKK:VA_D:Visa%20Debit:true&pageOrigin=F..RP.FE.M90,20220506-2233
91,63cy,2022-07-20,37t. 00min. ,"2 stop OSL, GDN ",09:20–23:20+1,Flere flyselskaber,"
801 kr. ",https://kayak.dk/book/flight?code=ShBiSXGRfr.eNCwACMVOeJpd4CyPwn0EI6M4XD8KcmF.11374.62eefdb6e70b0d1f987f6a839dc18092&h=c352257118f1&sub=E-1ea73b8c60e&payment=0.00:DKK:VA_D:Visa%20Debit:true&pageOrigin=F..RP.FE.M91,20220506-2233
92,63cy,2022-07-20,35t. 30min. ,"2 stop GDN, WRO ",07:50–20:20+1,Ryanair,"
813 kr. ",https://kayak.dk/book/flight?code=ShBiSXGRfr.eNCwACMVOeJpd4CyPwn0EI6M4XD8KcmF.11551.a9b0cf8b0755d1194e526c14f281a61e&h=1ba6b37be4f9&sub=E-15fb055c4bb&payment=0.00:DKK:VA_D:Visa%20Debit:true&pageOrigin=F..RP.FE.M92,20220506-2233
93,63cy,2022-07-20,37t. 00min. ,"2 stop OSL, GDN ",09:20–23:20+1,"Norwegian, Ryanair","
903 kr. ",https://kayak.dk/book/flight?code=ShBiSXGRfr.eNCwACMVOeJpd4CyPwn0EI6M4XD8KcmF.12830.22928d8fdf364a60f901eb340d81f17a&h=43fe95ea4bb0&sub=E-1becf09cd19&payment=0.00:DKK:VA_D:Visa%20Debit:true&pageOrigin=F..RP.FE.M93,20220506-2233
94,63cy,2022-07-20,29t. 15min. ,"2 stop WAW, SOF ",09:55–16:10+1,"LOT, Wizz Air","
1.315 kr. ",https://kayak.dk/book/flight?code=ShBiSXGRfr.eNCwACMVOeJpd4CyPwn0EI6M4XD8KcmF.18684.617be7ededf985ebb24f92b74d3409c6&h=87b0172014a7&sub=E-15e20529e1b&payment=0.00:DKK:VA_D:Visa%20Debit:true&pageOrigin=F..RP.FE.M94,20220506-2233
95,63cy,2022-07-20,31t. 00min. ,"2 stop WAW, OTP ",14:55–22:55+1,Flere flyselskaber,"
1.330 kr. ",https://kayak.dk/book/flight?code=ShBiSXGRfr.eNCwACMVOeJpd4CyPwn0EI6M4XD8KcmF.18890.a9967b3906018fc7109485c36f0b559a&h=85bf5f6b4164&sub=E-15e20529e1b&payment=0.00:DKK:VA_D:Visa%20Debit:true&pageOrigin=F..RP.FE.M95,20220506-2233
96,63cy,2022-07-20,26t. 00min. ,"3 stop AMS, EIN, ... ",06:00–09:00+1,"KLM, Wizz Air","
1.372 kr. ",https://kayak.dk/book/flight?code=ShBiSXGRfr.47F3EeHCWiIEdn9PX-8xhQ.19494.e2369843639561c3a14cf5f11e9e8120&h=1ae605360543&sub=E-1b1e52ff97a&payment=0.00:DKK:VA_D:Visa%20Debit:true&pageOrigin=F..RP.FE.M96,20220506-2233
97,63cy,2022-07-20,23t. 20min. ,1 stop GDN ,23:00–23:20+1,"SAS, Ryanair","
1.699 kr. ",https://kayak.dk/book/flight?code=ShBiSXGRfr.FTZUJ6SC9iEmFcdAejOqIg.24132.2f37449040fc42774724f61dc6890353&h=e94404ed55ff&_kw_pbranded=true&sub=E-1622230267f&payment=0.00:DKK:VA_D:Visa%20Debit:true&pageOrigin=F..RP.FE.M97,20220506-2233
98,63cy,2022-07-20,23t. 30min. ,1 stop ATH ,22:35–23:05+1,"Norwegian, Aegean Airlines","
1.871 kr. ",https://kayak.dk/book/flight?code=ShBiSXGRfr.47F3EeHCWiIEdn9PX-8xhQ.26583.25de52a04eac1d20cb54b875249e7aac&h=9a687737e7a9&sub=E-1c8f00d753e&payment=0.00:DKK:VA_D:Visa%20Debit:true&pageOrigin=F..RP.FE.M98,20220506-2233
99,63cy,2022-07-20,32t. 45min. ,"2 stop FRA, VIE ",14:55–00:40+2,Lufthansa,"
1.952 kr. ",https://kayak.dk/book/flight?code=ShBiSXGRfr.ysfH673XYZnX5HxgfjXj60KjG3h1fuZ4.27734.d04a777f3eae89f1873f7846c373bb0b&h=dcfd0c28598f&sub=E-1fac8908b93&payment=0.00:DKK:VA_D:Visa%20Debit:true&pageOrigin=F..RP.FE.M99,20220506-2233
100,63cy,2022-07-20,35t. 45min. ,"2 stop FRA, VIE ",11:55–00:40+2,Lufthansa,"
1.952 kr. ",https://kayak.dk/book/flight?code=ShBiSXGRfr.ysfH673XYZnX5HxgfjXj60KjG3h1fuZ4.27734.9a36f4fa4d439e3b6adc936bad444abe&h=317d701939a8&sub=E-1fac8908b93&payment=0.00:DKK:VA_D:Visa%20Debit:true&pageOrigin=F..RP.FE.M100,20220506-2233
101,63cy,2022-07-20,26t. 30min. ,"2 stop MUC, VIE ",21:10–00:40+2,Lufthansa,"
1.958 kr. ",https://kayak.dk/book/flight?code=ShBiSXGRfr.ysfH673XYZnX5HxgfjXj60KjG3h1fuZ4.27819.70430162fa5d9486da99b043c0f4b15d&h=00ba56e2f37d&sub=E-1fac8908b93&payment=0.00:DKK:VA_D:Visa%20Debit:true&pageOrigin=F..RP.FE.M101,20220506-2233
102,63cy,2022-07-20,26t. 30min. ,"2 stop MUC, VIE ",21:10–00:40+2,Lufthansa,"
1.958 kr. ",https://kayak.dk/book/flight?code=ShBiSXGRfr.ysfH673XYZnX5HxgfjXj60KjG3h1fuZ4.27819.58394497d6c772bcb5cf3f63f2f85001&h=a45cb2fe9d01&sub=E-1fac8908b93&payment=0.00:DKK:VA_D:Visa%20Debit:true&pageOrigin=F..RP.FE.M102,20220506-2233
103,63cy,2022-07-20,28t. 10min. ,"2 stop MUC, VIE ",19:30–00:40+2,Lufthansa,"
1.958 kr. ",https://kayak.dk/book/flight?code=ShBiSXGRfr.ysfH673XYZnX5HxgfjXj60KjG3h1fuZ4.27819.2496adce2730bd549c5422e18ef6ea33&h=f40555617e15&sub=E-1fac8908b93&payment=0.00:DKK:VA_D:Visa%20Debit:true&pageOrigin=F..RP.FE.M103,20220506-2233
104,63cy,2022-07-20,27t. 40min. ,1 stop VIE ,20:00–00:40+2,Austrian Airlines,"
1.981 kr. ",https://kayak.dk/book/flight?code=ShBiSXGRfr.tzkMHu-8yP0.28146.c7837b92219d540d050f5128a65a073e&h=1b8a411b3967&sub=E-1fe6633b9da&payment=0.00:DKK:VA_D:Visa%20Debit:true&pageOrigin=F..RP.FE.M104,20220506-2233
105,63cy,2022-07-20,26t. 30min. ,"2 stop MUC, VIE ",21:10–00:40+2,Lufthansa,"
2.053 kr. ",https://kayak.dk/book/flight?code=ShBiSXGRfr.ysfH673XYZnX5HxgfjXj60KjG3h1fuZ4.29169.9dc33abfa53ef4dd0c907480c2241d1c&h=750effc88485&sub=E-1fac8908b93&payment=0.00:DKK:VA_D:Visa%20Debit:true&pageOrigin=F..RP.FE.M105,20220506-2233
